0.3020174288145723572918 
0.4850196082224646797454 
0.4467177201362911865286 
0.5330387209380418548279 
0.4665398713719121207242 
0.5333333220982075495901 
0.4666666617518435846253 
0.5333333333333333333334 
0.4666666666666666666666 
0.5333333333333333333334 
0.4666666666666666666666 
0.5333333333333333333334 
0.4666666666666666666666 
0.5333333333333333333334 
0.4666666617518435846253 
0.5333333220982075495901 
0.4665398713719121207242 
0.5330387209380418548279 
0.4467177201362911865286 
0.4850196082224646797454 
0.3020174288145723572918 
